## htsjdk.samtools.metrics.StringHeader
# picard.analysis.CollectBaseDistributionByCycle CHART_OUTPUT=/dev/null INPUT=../pe/medium.bam OUTPUT=2.0.1/pe/medium.basedist_metrics    ALIGNED_READS_ONLY=false PF_READS_ONLY=false ASSUME_SORTED=true STOP_AFTER=0 VERBOSITY=INFO QUIET=false VALIDATION_STRINGENCY=STRICT COMPRESSION_LEVEL=5 MAX_RECORDS_IN_RAM=500000 CREATE_INDEX=false CREATE_MD5_FILE=false GA4GH_CLIENT_SECRETS=client_secrets.json
## htsjdk.samtools.metrics.StringHeader
# Started on: Mon Mar 13 10:04:46 CET 2017

## METRICS CLASS	picard.analysis.BaseDistributionByCycleMetrics
READ_END	CYCLE	PCT_A	PCT_C	PCT_G	PCT_T	PCT_N
1	1	30.106667	19.921667	20.208333	29.57	0.193333
1	2	29.96	20.475	20.793333	28.721667	0.05
1	3	29.531667	20.793333	21.066667	28.553333	0.055
1	4	29.358333	20.985	20.621667	28.915	0.12
1	5	29.578333	20.696667	20.67	29.003333	0.051667
1	6	29.648333	20.778333	21.266667	28.248333	0.058333
1	7	29.095	20.921667	21.416667	28.518333	0.048333
1	8	29.655	20.596667	21.063333	28.651667	0.033333
1	9	29.33	20.805	21.28	28.555	0.03
1	10	29.18	20.685	21.335	28.771667	0.028333
1	11	29.451667	20.913333	21.02	28.51	0.105
1	12	29.27	21.086667	21.315	28.303333	0.025
1	13	29.411667	20.645	21.035	28.885	0.023333
1	14	29.355	20.468333	21.351667	28.79	0.035
1	15	29.291667	20.736667	21.61	28.346667	0.015
1	16	29.491667	20.705	21.236667	28.425	0.141667
1	17	29.228333	21.175	21.355	28.201667	0.04
1	18	29.055	20.891667	21.566667	28.45	0.036667
1	19	29.186667	21.061667	21.31	28.411667	0.03
1	20	29.045	20.951667	21.491667	28.486667	0.025
1	21	29.266667	21.138333	21.566667	28.006667	0.021667
1	22	29.21	21.053333	21.613333	28.103333	0.02
1	23	29.075	21.236667	21.448333	28.216667	0.023333
1	24	28.958333	20.778333	21.853333	28.385	0.025
1	25	28.905	21.135	21.503333	28.418333	0.038333
1	26	28.741667	21.346667	21.498333	28.366667	0.046667
1	27	28.945	21.158333	21.56	28.286667	0.05
1	28	29.03	20.881667	21.828333	28.218333	0.041667
1	29	28.816667	21.501667	21.458333	28.181667	0.041667
1	30	28.935	21.316667	21.511667	28.198333	0.038333
1	31	29.052151	21.230354	21.588693	28.098802	0.030001
1	32	28.791919	21.25475	21.883126	28.020201	0.050003
1	33	28.709059	21.478457	21.946829	27.835653	0.030003
1	34	29.05839	21.265814	21.662527	27.981598	0.03167
1	35	28.875998	21.291527	21.71159	28.087546	0.033338
1	36	28.875998	21.256522	21.758264	28.080879	0.028338
1	37	28.639773	21.425238	21.583597	28.328055	0.023337
1	38	29.012469	21.43262	21.724345	27.798893	0.031673
1	39	28.828393	21.481679	21.605041	28.051545	0.033341
1	40	28.695507	21.433692	21.625406	28.207052	0.038343
1	41	28.599293	21.652441	21.794145	27.927447	0.026674
1	42	28.744811	21.447744	21.872864	27.909574	0.025007
1	43	28.778634	21.338068	21.928245	27.938382	0.016672
1	44	28.676936	21.474776	21.636491	28.196792	0.015005
1	45	28.642403	21.368433	21.691869	28.273953	0.023341
1	46	28.660743	21.353429	21.82191	28.023874	0.140044
1	47	28.4995	21.47049	21.935645	28.072691	0.021674
1	48	28.640024	21.534204	21.957685	27.84808	0.020007
1	49	28.763401	21.479184	21.759282	27.978126	0.020007
1	50	28.209617	21.475257	22.02381	28.254635	0.036681
1	51	28.942059	21.47228	21.975823	27.588162	0.021676
1	52	28.534507	21.404632	22.335051	27.714138	0.011672
1	53	28.671725	21.275744	21.964479	28.063037	0.025015
1	54	28.858982	21.357815	21.724701	28.033487	0.025015
1	55	28.495906	21.609993	21.938529	27.937228	0.018345
1	56	28.545937	21.578307	21.816787	28.042293	0.016677
1	57	28.991211	21.424879	21.708387	27.840502	0.035022
1	58	28.752731	21.573304	21.953538	27.702083	0.018345
1	59	28.607641	21.871821	21.791772	27.707086	0.02168
1	60	28.814436	21.688374	21.971883	27.515301	0.010006
1	61	29.141304	21.62667	21.591648	27.630372	0.010006
1	62	28.65934	21.451562	22.247052	27.618698	0.023348
1	63	28.841119	21.631673	21.845138	27.660391	0.02168
1	64	28.274102	21.686707	22.237046	27.765455	0.036689
1	65	28.781082	21.298134	22.192018	27.695412	0.033354
1	66	28.89115	21.256441	22.175341	27.657055	0.020012
1	67	28.379167	21.655021	22.03859	27.903874	0.023348
1	68	28.580958	21.636676	22.090289	27.667061	0.025015
1	69	28.229075	21.513267	21.996898	28.224072	0.036689
1	70	28.255758	21.418208	22.22704	27.875523	0.223471
1	71	28.567617	21.618331	21.893501	27.910545	0.010006
1	72	28.635992	21.528276	22.225372	27.481947	0.128413
1	73	28.374164	21.696713	21.88683	28.010607	0.031686
1	74	28.400847	21.641679	21.845138	27.860514	0.251822
1	75	28.857796	21.633341	21.73507	27.750446	0.023348
1	76	28.569284	21.92352	22.048597	27.430249	0.028351
1	77	28.716191	21.632847	22.225836	27.420122	0.005004
1	78	28.458478	21.750444	21.96312	27.81795	0.010008
1	79	28.761228	21.215002	22.123252	27.89051	0.010008
1	80	28.155728	21.690395	22.413491	27.730378	0.010008
1	81	28.273325	21.637851	22.163285	27.908024	0.017514
1	82	28.455976	21.958115	22.023169	27.542723	0.020017
1	83	28.27833	22.065704	22.033177	27.602772	0.020017
1	84	28.523532	21.645357	22.233343	27.57525	0.022519
1	85	28.200766	21.497736	22.178297	28.093177	0.030025
1	86	28.29084	21.797983	22.275878	27.607776	0.027523
1	87	28.353392	22.163285	21.692897	27.765406	0.025021
1	88	28.718693	21.742938	22.138264	27.377587	0.022519
1	89	28.328371	21.715415	22.385968	27.542723	0.027523
1	90	28.398429	21.940601	22.013161	27.627793	0.020017
1	91	28.756224	21.840518	22.178297	27.202442	0.022519
1	92	28.846298	21.820502	21.855531	27.452648	0.025021
1	93	28.038131	22.038181	22.628669	27.290014	0.005004
1	94	28.44847	21.883054	21.895564	27.765406	0.007506
1	95	28.13321	22.075712	22.113243	27.670328	0.007506
1	96	28.626117	21.635349	22.090725	27.645307	0.002502
1	97	28.728701	21.670378	22.208322	27.392599	0
1	98	28.488503	21.838016	22.403483	27.267496	0.002502
1	99	28.093177	21.908074	22.581129	27.407611	0.010008
1	100	28.175745	21.655366	22.563615	27.592764	0.01251
1	101	28.409943	22.022708	22.42785	26.954434	0.185065
2	102	30.311667	19.978333	20.335	29.155	0.22
2	103	29.588333	20.428333	20.691667	29.138333	0.153333
2	104	29.02	21.151667	21.54	28.153333	0.135
2	105	28.705	21.233333	21.64	28.296667	0.125
2	106	29.613333	20.461667	21.18	28.61	0.135
2	107	28.988333	21.075	21.596667	28.243333	0.096667
2	108	28.603333	21.285	21.543333	28.453333	0.115
2	109	29.593333	20.881667	20.878333	28.516667	0.13
2	110	29.04	21.115	21.063333	28.731667	0.05
2	111	29.28	21.086667	21.188333	28.363333	0.081667
2	112	29.46	20.446667	21.575	28.338333	0.18
2	113	29.065	21.196667	21.496667	27.926667	0.315
2	114	29.471667	20.591667	21.191667	28.673333	0.071667
2	115	29.331667	20.795	21.188333	28.583333	0.101667
2	116	29.26	20.943333	21.265	28.366667	0.165
2	117	29.276667	20.718333	21.396667	28.516667	0.091667
2	118	29.481667	20.886667	21.415	28.165	0.051667
2	119	28.993333	20.68	21.883333	28.286667	0.156667
2	120	29.015	21.211667	21.426667	28.286667	0.06
2	121	28.913333	21.143333	21.685	28.208333	0.05
2	122	29.146667	20.843333	21.698333	28.201667	0.11
2	123	29.003333	20.918333	22.256667	27.761667	0.06
2	124	29.033333	20.908333	21.66	28.336667	0.061667
2	125	28.99	21.173333	21.713333	28.091667	0.031667
2	126	28.738333	21.091667	21.816667	28.19	0.163333
2	127	29.17	21.401667	21.503333	27.871667	0.053333
2	128	29.015	21.223333	21.725	27.986667	0.05
2	129	29.145	21.263333	21.636667	27.918333	0.036667
2	130	28.913333	21.196667	21.655	28.168333	0.066667
2	131	28.738333	21.32	21.89	28.001667	0.05
2	132	28.753104	21.47274	21.836092	27.779722	0.158341
2	133	28.623098	21.397737	21.852759	28.064737	0.06167
2	134	29.145067	21.259147	21.634191	27.91659	0.045005
2	135	28.732164	21.421189	21.976264	27.820376	0.050007
2	136	28.779317	21.331533	21.828274	27.997533	0.063343
2	137	29.03699	20.932171	22.035707	27.945123	0.050009
2	138	28.80172	21.411663	21.996799	27.656453	0.133364
2	139	28.643593	21.413091	22.113301	27.783335	0.046681
2	140	28.716718	21.179079	22.299471	27.769719	0.035012
2	141	28.856543	21.485261	21.511938	28.081232	0.065026
2	142	28.600013	21.623424	21.925232	27.812979	0.038351
2	143	28.355845	21.572453	22.267801	27.648824	0.155078
2	144	28.996165	21.55411	21.54744	27.802234	0.10005
2	145	28.825374	21.558164	21.58818	27.994931	0.033351
2	146	28.466131	21.377114	22.127539	27.992529	0.036687
2	147	28.18764	21.764	21.835707	28.165961	0.046693
2	148	28.492813	21.47717	21.879065	28.1176	0.033352
2	149	28.342005	21.751384	21.998199	27.853379	0.055033
2	150	28.214536	21.907208	22.032287	27.810947	0.035022
2	151	28.762988	21.421305	21.963342	27.820677	0.031688
2	152	28.830181	21.21485	22.158845	27.759432	0.036692
2	153	28.669836	21.722959	21.641231	27.922609	0.043366
2	154	28.504946	21.424163	22.361595	27.580858	0.128438
2	155	28.840476	21.465628	21.926035	27.646087	0.121774
2	156	28.556892	21.545699	21.951057	27.896308	0.050044
2	157	28.86383	21.340517	21.952725	27.787879	0.055049
2	158	28.031428	21.812601	21.996097	28.08314	0.076734
2	159	28.918878	21.689159	21.569053	27.792884	0.030027
2	160	28.882179	21.645787	21.785911	27.654428	0.031695
2	161	28.363388	21.402239	22.107862	28.091481	0.035031
2	162	28.722517	21.649485	21.731225	27.611517	0.285257
2	163	28.730858	21.749575	21.639476	27.830047	0.050045
2	164	28.43273	21.524731	22.091918	27.902244	0.048378
2	165	28.482776	21.980148	21.975144	27.525231	0.0367
2	166	28.44655	21.333244	22.098959	27.956092	0.165154
2	167	28.593354	21.458361	22.265781	27.562392	0.120112
2	168	28.31476	21.371614	22.252436	27.937742	0.123449
2	169	28.733485	21.418324	22.149006	27.637462	0.061724
2	170	28.334779	21.711931	22.397571	27.493994	0.061724
2	171	27.976111	21.950487	22.085613	27.699186	0.288603
2	172	28.354798	21.745296	22.299146	27.544041	0.05672
2	173	28.56833	21.681903	22.03223	27.669158	0.048378
2	174	28.760176	21.643534	21.997197	27.562392	0.036701
2	175	28.595022	21.608501	22.072267	27.597424	0.126785
2	176	28.354798	21.848725	22.130655	27.607434	0.058388
2	177	28.204658	22.058922	22.262445	27.428934	0.045042
2	178	28.635078	21.511351	22.189682	27.646367	0.017521
2	179	28.124452	22.052014	22.27729	27.533729	0.012515
2	180	28.407299	21.68156	22.064529	27.834097	0.012515
2	181	28.472379	21.311106	22.229731	27.964256	0.022528
2	182	28.192035	21.896824	22.452504	27.443618	0.015018
2	183	28.389777	21.754149	22.084554	27.748993	0.022528
2	184	28.625066	21.646517	22.154639	27.546244	0.027534
2	185	28.452354	21.789192	22.575155	27.165778	0.017521
2	186	28.287152	21.501339	22.417461	27.774023	0.020025
2	187	28.502415	21.699081	22.600185	27.178293	0.020025
2	188	28.329704	21.666542	22.429977	27.561263	0.012515
2	189	28.029336	22.199695	22.05702	27.693925	0.020025
2	190	28.151986	21.80421	22.354885	27.668894	0.020025
2	191	28.242097	22.084554	22.229731	27.426097	0.017521
2	192	28.680133	21.799204	22.016971	27.481164	0.022528
2	193	28.482391	21.669045	22.607694	27.218342	0.022528
2	194	28.17952	21.83675	22.510075	27.458637	0.015018
2	195	28.474882	21.468799	22.30232	27.741483	0.012515
2	196	28.05687	21.851768	22.687793	27.388551	0.015018
2	197	28.224575	22.104578	22.14713	27.503692	0.020025
2	198	28.33471	21.841756	22.047008	27.761508	0.015018
2	199	28.061876	21.716603	22.237241	27.966759	0.017521
2	200	28.372256	21.789192	22.117093	27.708943	0.012515
2	201	28.2446	22.067032	22.617707	27.008085	0.062577
2	202	27.801681	21.673004	22.563538	27.696618	0.265159


