# Position (bp)	A	C	G	T	N
0.0	30.11711633555999	21.75934761863451	20.10757352303288	27.88756831786241	0.1283942049102108
1.0	30.11538127873688	19.378849657326278	22.815997223909083	27.67068621497354	0.019085625054220526
2.0	29.061324923322186	20.620700410681174	22.029492800083176	28.156786636399865	0.13169522951359405
3.0	29.16940533434808	20.82367592624624	21.747327636904558	28.212889611512782	0.04670149098834192
4.0	29.393191738987905	20.585241291257613	21.43066650563329	28.53051294880864	0.06038751531254853
5.0	29.194267132361794	20.947678119784587	21.65482355775021	28.19290789903821	0.010323291065191583
6.0	28.871896211014693	21.05335509923533	21.897070195033937	28.078013575049404	0.09966491966663803
7.0	28.805504083453435	20.937135405943312	21.779562143984627	28.462356735982432	0.015441630636195183
8.0	28.64755573071058	21.42869381950275	21.32074501807714	28.59101112044002	0.011994311269512175
9.0	29.176148515698518	21.214817349644967	21.25588159808367	28.332620412353492	0.02053212421935153
10.0	28.91903899388264	21.149311370083048	21.605550049554015	28.271419295307748	0.0546802911725505
11.0	29.164105716041792	21.13125725602677	21.563204261421838	28.12094516151062	0.02048760499897562
12.0	28.706420140547177	21.24752677901344	21.45902981510541	28.564849559937233	0.02217370539673876
13.0	29.184988240106353	21.15758257490541	21.34505914033473	28.281692061219623	0.030677983433888945
14.0	28.862556821083814	21.24555220729693	21.706930895347057	28.169637536816655	0.015322539455539099
15.0	29.066662130670707	20.823623466975114	21.50062086444743	28.551259589378965	0.05783394852778581
16.0	28.709370325037398	21.134230926152593	21.91452468380253	28.223174214606285	0.018699850401196788
17.0	28.906064209274675	21.11092237132665	21.620519789366398	28.352301681671477	0.010191948360794971
18.0	28.823399595973314	21.41680954725245	21.27081671108697	28.477091007859844	0.011883137827422886
19.0	28.78762172983611	21.210681687082218	21.670455702215737	28.31936479929422	0.011876081571714566
20.0	28.88312480927678	21.281320991421694	21.867900857830673	27.959176753805988	0.008476587664869629
21.0	28.970600694738625	21.23866813521986	21.404727611624164	28.38092010505804	0.005083453359315428
22.0	28.86322064900752	21.3874398753472	21.480590745884427	28.253505860036583	0.015242869724273422
23.0	28.826327639620118	21.2439267999526	21.82627685327826	28.09161856071507	0.011850146433952363
24.0	28.800108296529437	21.358106164441512	21.74898895036973	28.079259522479987	0.013537066179332284
25.0	28.878479385801736	21.241586904319004	21.726925288328204	28.134406601954883	0.018601819596171406
26.0	28.842902549536753	21.12159329140461	21.686278487860957	28.323865557584366	0.025360113613308987
27.0	28.814561925365062	21.33754732287723	21.577541914548405	28.246687398593835	0.02366143861546782
28.0	28.87094321771891	21.58774137960163	21.565778581203222	27.955263469108477	0.020273352367758613
29.0	28.8631066977404	21.46451852602425	21.57766744350998	28.07275306515351	0.021954267571858005
30.0	28.808522851981294	21.151800638200882	21.77311789832683	28.199024126694695	0.06753448479629912
31.0	28.57022267992504	21.49815136832509	21.80541252342444	28.100889706751303	0.025323721574122535
32.0	28.60639824428125	21.337047353760447	21.92622604878872	28.116822824343718	0.013505528825863089
33.0	29.108646851317367	21.354667746890136	21.74962445355883	27.766806758148093	0.020254190085573956
34.0	28.999105590900655	21.53838365087669	21.555259294260594	27.89206338491655	0.01518807904551361
35.0	28.72399655818191	21.286970019064974	21.78130957803985	28.1857906902195	0.021933154493765924
36.0	28.692424498059726	21.36156571621394	21.656824700523032	28.267251560654632	0.021933524548675552
37.0	28.856048720414325	21.348921166725713	21.681259173035073	28.09690099026604	0.01686994955885082
38.0	28.99127764749549	21.534256744217434	21.63717038111788	27.808614377541208	0.028680849627992507
39.0	28.828570464590577	21.360369783056107	21.817537703701202	27.978339350180505	0.015182698471608353
40.0	28.663967611336034	21.52834008097166	21.73582995951417	28.060053981106613	0.011808367071524965
41.0	29.01391817798397	21.25516659637284	21.730915225643187	27.98650358498524	0.013496415014761703
42.0	28.443679557265305	21.721671053519607	21.870149152999932	27.952689478301952	0.011810757913207801
43.0	28.71607938436614	21.37336303496692	21.724382341028754	28.174362089914943	0.011813149723234778
44.0	28.612897237270683	21.298499654025957	21.803115454069836	28.265235515501324	0.02025213913219584
45.0	28.732023496050235	21.288231719667813	21.863817432988995	28.041658226993448	0.07426912429950712
46.0	28.674409967248536	21.313772495526216	21.683492588715943	28.309754532869636	0.01857041563966641
47.0	28.732565600621392	21.437979129377595	21.77906858937557	28.045320995575967	0.005065685049474857
48.0	28.76249662253445	21.381045663334234	21.83700351256417	28.005944339367737	0.013509862199405566
49.0	28.64189189189189	21.16385135135135	22.131756756756758	28.035472972972975	0.02702702702702703
50.0	28.661204493622773	21.4376214207281	21.888673029816708	27.99222907340147	0.02027198243094856
51.0	28.93135962688837	21.39815471965933	21.722599614721688	27.936057318598127	0.011828720132481665
52.0	28.69362363919129	20.936168774088852	21.997768611806073	28.362296301305022	0.01014267360876327
53.0	28.828493632566083	21.459858952459875	21.882663329330786	27.8137631280759	0.015220957567352736
54.0	28.831906904367237	21.46916545448395	21.80237475051588	27.88978721964751	0.006765670985419979
55.0	28.9400219947551	21.42627527281956	21.482108112680823	28.1414431943152	0.010151425429320701
56.0	29.295374147357016	21.272490309913508	21.434979096494644	27.97684534791219	0.0203110983226418
57.0	28.883622513753703	21.40160812526449	21.713076597545495	27.984765129073214	0.016927634363097757
58.0	28.734950979562118	21.565606109351982	21.84499720608903	27.832433073132734	0.02201263186413126
59.0	28.928111660681616	21.615624364794364	21.620706009892267	27.818619147638728	0.016938816993021206
60.0	29.141036720722553	21.50543100672733	21.332587734905868	27.949773778658937	0.07117075898530832
61.0	28.953569188520284	21.28968825753081	21.81688732179485	27.929684189113598	0.0101710430404638
62.0	28.939157566302654	21.25076307400122	21.813742114901988	27.987858644780573	0.008478600013565759
63.0	28.600753231771453	21.517999524988973	21.95229532114138	27.911987242560986	0.016964679537203542
64.0	29.07128675909114	21.022891177818124	21.913763553986865	27.980180210754952	0.01187829834891653
65.0	29.055912007332722	21.098550429439523	21.813151373188035	27.98825406524765	0.04413212479206979
66.0	28.70437987194946	21.359305741894943	21.748212557104768	28.177912130835725	0.01018969821510453
67.0	29.084945103504538	21.32295455317992	21.560896019579186	28.01590808661069	0.015296237125667087
68.0	28.741730864071563	21.293131302824687	21.811812322500554	28.13291838851759	0.020407122085607875
69.0	28.51600387972842	21.30957850494325	21.632889206527473	28.407099222352684	0.1344291864481767
70.0	28.783493922576692	21.432705730141976	21.75785638895509	28.00551564468353	0.020428313642708796
71.0	28.545380184724443	21.377935312361544	21.693193824341364	28.308510275723393	0.0749804028492553
72.0	28.41859195304235	21.787871548988157	21.45514111183155	28.311094427191758	0.027300958946182983
73.0	28.813675096910806	21.667036663877457	21.334039174166225	28.0503423897266	0.13490667531890913
74.0	28.977505811568438	21.926705866265557	20.71140434842062	28.365581840557912	0.01880213318747436
75.0	28.82396184158788	21.411109021592328	21.57352161797138	28.16063460585027	0.030772912998136528
76.0	28.560567663456666	21.773948302078054	22.240243284338572	27.42017232640649	0.00506842372022301
77.0	28.63806916134266	21.19967548930129	21.732075854375825	28.42003853564547	0.010140959334753067
78.0	28.812742536840236	20.94250133157481	22.367920460598068	27.8717630050473	0.005072665939584549
79.0	28.738578680203048	21.197969543147206	22.398477157360404	27.66243654822335	0.0025380710659898475
80.0	28.808695431343168	21.418594611067373	21.91126799908576	27.856362851410722	0.005079107092973056
81.0	28.82269215128101	21.70089467263115	22.077063847092315	27.396807645384303	0.0025416836112240747
82.0	28.337105510769778	21.359001093507615	22.264323678254456	28.03702667649976	0.0025430409683900005
83.0	29.00073793226291	21.62141530318838	21.75118959769969	27.621567978828978	0.005089188020051401
84.0	28.90897517504774	21.273074474856777	21.901973265436027	27.910884786760025	0.005092297899427117
85.0	28.8001223584593	21.456065665706493	22.062759693084196	27.67595401361238	0.005098269137627775
86.0	28.679322310675648	21.25944070218412	21.802918963053685	28.25831802408655	0.0
87.0	29.3417456384582	20.94050933612608	21.785997088048227	27.9291935937061	0.002554343661396204
88.0	28.723431465329817	21.418523160344783	22.009361332071514	27.84868404225388	0.0
89.0	28.891107867987813	21.729779552961055	21.724658831963538	27.654453747087587	0.0
90.0	29.055162514098225	21.180662360299397	21.929150005126626	27.835025120475756	0.0
91.0	29.15275994865212	21.265725288831835	22.038510911424904	27.535301668806163	0.007702182284980745
92.0	29.364447071522193	21.014623114286447	22.024620287322353	27.593739559507597	0.00256996736141451
93.0	29.12141643934325	21.395851562097896	21.5219517216532	27.955633331617687	0.005146945287971589
94.0	29.01454207920792	21.441831683168317	21.66615099009901	27.877475247524753	0.0
95.0	29.553317841466566	21.094758585076168	21.440743609604958	27.90859798605732	0.0025819777949909633
96.0	29.25573210496351	21.355002329071997	21.427462346669426	27.961803219295067	0.0
97.0	29.054001503642446	21.55912166541363	21.165063645555183	28.1855183677702	0.03629481761854147
98.0	28.41481789369772	22.330752844599157	20.48371174728529	28.770717514417832	0.0
99.0	28.756045556191168	19.44198866295699	22.499869988038903	29.25009100837277	0.05200478444016849
100.0	28.455797329969517	20.845159255755284	21.554714601072217	29.007673709660466	0.13665510354252075
