## htsjdk.samtools.metrics.StringHeader
# picard.analysis.CollectBaseDistributionByCycle CHART_OUTPUT=/dev/null INPUT=../se/medium.bam OUTPUT=2.3.0/se/medium.basedist_metrics    ALIGNED_READS_ONLY=false PF_READS_ONLY=false ASSUME_SORTED=true STOP_AFTER=0 VERBOSITY=INFO QUIET=false VALIDATION_STRINGENCY=STRICT COMPRESSION_LEVEL=5 MAX_RECORDS_IN_RAM=500000 CREATE_INDEX=false CREATE_MD5_FILE=false GA4GH_CLIENT_SECRETS=client_secrets.json
## htsjdk.samtools.metrics.StringHeader
# Started on: Mon Mar 13 10:05:25 CET 2017

## METRICS CLASS	picard.analysis.BaseDistributionByCycleMetrics
READ_END	CYCLE	PCT_A	PCT_C	PCT_G	PCT_T	PCT_N
1	1	30.126667	19.86	20.27	29.55	0.193333
1	2	29.983333	20.425	20.843333	28.698333	0.05
1	3	29.591667	20.781667	21.078333	28.493333	0.055
1	4	29.353333	20.965	20.641667	28.92	0.12
1	5	29.606667	20.645	20.721667	28.975	0.051667
1	6	29.65	20.713333	21.331667	28.246667	0.058333
1	7	29.07	20.87	21.468333	28.543333	0.048333
1	8	29.69	20.581667	21.078333	28.616667	0.033333
1	9	29.346667	20.815	21.27	28.538333	0.03
1	10	29.136667	20.715	21.305	28.815	0.028333
1	11	29.501667	20.898333	21.035	28.46	0.105
1	12	29.211667	21.066667	21.335	28.361667	0.025
1	13	29.42	20.673333	21.006667	28.876667	0.023333
1	14	29.338333	20.42	21.4	28.806667	0.035
1	15	29.266667	20.706667	21.64	28.371667	0.015
1	16	29.505	20.666667	21.275	28.411667	0.141667
1	17	29.186667	21.206667	21.323333	28.243333	0.04
1	18	29.025	20.871667	21.586667	28.48	0.036667
1	19	29.126667	20.996667	21.375	28.471667	0.03
1	20	29.048333	20.901667	21.541667	28.483333	0.025
1	21	29.26	21.095	21.61	28.013333	0.021667
1	22	29.156667	21.043333	21.623333	28.156667	0.02
1	23	29.085	21.188333	21.496667	28.206667	0.023333
1	24	28.943333	20.756667	21.875	28.4	0.025
1	25	28.958333	21.111667	21.526667	28.365	0.038333
1	26	28.715	21.325	21.52	28.393333	0.046667
1	27	28.911667	21.136667	21.581667	28.32	0.05
1	28	28.961667	20.855	21.855	28.286667	0.041667
1	29	28.795	21.465	21.495	28.203333	0.041667
1	30	28.923333	21.291667	21.536667	28.21	0.038333
1	31	29.062151	21.173686	21.645361	28.088801	0.030001
1	32	28.783586	21.223082	21.914794	28.028535	0.050003
1	33	28.695725	21.468456	21.95683	27.848987	0.030003
1	34	29.068391	21.282483	21.645859	27.971597	0.03167
1	35	28.830991	21.353203	21.649914	28.132553	0.033338
1	36	28.845994	21.273191	21.741595	28.110883	0.028338
1	37	28.569762	21.405234	21.603601	28.398066	0.023337
1	38	28.997466	21.397613	21.759352	27.813896	0.031673
1	39	28.790051	21.478345	21.608375	28.089888	0.033341
1	40	28.682171	21.413687	21.645411	28.220388	0.038343
1	41	28.552614	21.592425	21.854161	27.974126	0.026674
1	42	28.734808	21.437741	21.882867	27.919577	0.025007
1	43	28.723617	21.361408	21.904905	27.993398	0.016672
1	44	28.683605	21.503118	21.608149	28.190124	0.015005
1	45	28.67408	21.401777	21.658525	28.242277	0.023341
1	46	28.692419	21.38844	21.786899	27.992198	0.140044
1	47	28.466155	21.463821	21.942314	28.106035	0.021674
1	48	28.605012	21.510862	21.981027	27.883092	0.020007
1	49	28.70338	21.444172	21.794295	28.038147	0.020007
1	50	28.209617	21.440243	22.058824	28.254635	0.036681
1	51	28.957065	21.455607	21.992497	27.573155	0.021676
1	52	28.552849	21.426309	22.313374	27.695796	0.011672
1	53	28.671725	21.295756	21.944468	28.063037	0.025015
1	54	28.872323	21.316123	21.766393	28.020145	0.025015
1	55	28.452546	21.596651	21.95187	27.980588	0.018345
1	56	28.582626	21.551624	21.84347	28.005603	0.016677
1	57	28.979537	21.423211	21.710055	27.852176	0.035022
1	58	28.707703	21.576639	21.950203	27.747111	0.018345
1	59	28.617648	21.823458	21.840135	27.69708	0.02168
1	60	28.78942	21.660024	22.000233	27.540317	0.010006
1	61	29.167987	21.608325	21.609993	27.603689	0.010006
1	62	28.634325	21.428214	22.2704	27.643714	0.023348
1	63	28.801094	21.551624	21.925187	27.700415	0.02168
1	64	28.225739	21.663359	22.260394	27.813819	0.036689
1	65	28.742725	21.246435	22.243717	27.733769	0.033354
1	66	28.86947	21.219752	22.212031	27.678735	0.020012
1	67	28.334139	21.628337	22.065274	27.948902	0.023348
1	68	28.524257	21.628337	22.098627	27.723763	0.025015
1	69	28.202391	21.464903	22.045261	28.250755	0.036689
1	70	28.21073	21.369845	22.275403	27.920551	0.223471
1	71	28.564281	21.584977	21.926855	27.91388	0.010006
1	72	28.627654	21.576639	22.177009	27.490286	0.128413
1	73	28.377499	21.653353	21.93019	28.007271	0.031686
1	74	28.44254	21.628337	21.858479	27.818822	0.251822
1	75	28.842786	21.651685	21.716725	27.765455	0.023348
1	76	28.565949	21.935193	22.036923	27.433584	0.028351
1	77	28.668652	21.60032	22.258363	27.467661	0.005004
1	78	28.498511	21.700403	22.013161	27.777917	0.010008
1	79	28.771236	21.232517	22.105737	27.880501	0.010008
1	80	28.128206	21.650362	22.453524	27.7579	0.010008
1	81	28.263317	21.622839	22.178297	27.918032	0.017514
1	82	28.378412	21.945605	22.035679	27.620287	0.020017
1	83	28.255811	22.058198	22.040684	27.625291	0.020017
1	84	28.470989	21.647859	22.23084	27.627793	0.022519
1	85	28.223284	21.505242	22.170791	28.070658	0.030025
1	86	28.275828	21.818	22.255861	27.622789	0.027523
1	87	28.390923	22.135762	21.720419	27.727875	0.025021
1	88	28.693672	21.73293	22.148272	27.402607	0.022519
1	89	28.293342	21.700403	22.400981	27.577752	0.027523
1	90	28.443466	21.91558	22.038181	27.582756	0.020017
1	91	28.716191	21.855531	22.163285	27.242475	0.022519
1	92	28.831286	21.850527	21.825506	27.467661	0.025021
1	93	28.035629	22.068206	22.598644	27.292516	0.005004
1	94	28.428453	21.90307	21.875547	27.785423	0.007506
1	95	28.155728	22.04819	22.140766	27.647809	0.007506
1	96	28.596092	21.602822	22.123252	27.675332	0.002502
1	97	28.681162	21.650362	22.228338	27.440138	0
1	98	28.468487	21.855531	22.385968	27.287512	0.002502
1	99	28.06065	21.918082	22.571121	27.440138	0.010008
1	100	28.128206	21.657868	22.561113	27.640303	0.01251
1	101	28.384935	22.022708	22.42785	26.979443	0.185065


