# Position (bp)	A	C	G	T	N
0.0	30.22848029324428	22.139590621117467	19.89443910863608	27.618535717117958	0.11895425988421786
1.0	30.235630918299933	19.738383615943626	22.48667694340454	27.489980180576968	0.04932834177493944
2.0	29.144439073691615	20.8401810431955	21.878103440699565	28.02654128400053	0.11073515841279605
3.0	29.103162987178028	21.18736908528409	21.562475350785707	28.097036835785836	0.04995574096633684
4.0	29.319005809636135	20.743458699165686	21.40217533743939	28.477700607172494	0.05765954658629275
5.0	28.938137061183987	21.211145252126077	21.863112906174106	27.96236170712812	0.025243073387707492
6.0	28.70981754995656	21.15464813205908	21.87923544743701	28.124239791485667	0.13205907906168549
7.0	28.835180463777167	21.016528782281423	21.588011863260313	28.52212220545641	0.038156685224690845
8.0	28.76533271007003	21.396975441694583	21.451510980687495	28.3662710675981	0.019909799949792677
9.0	29.186214285097158	21.26089698729081	21.31359995852881	28.186585797845225	0.05270297123800144
10.0	28.961324537575994	20.926141508213686	21.72207131462079	28.304229724485836	0.08623291510369509
11.0	28.91436544987855	21.309583283088426	21.678237351203293	27.975503453978533	0.12231046185119468
12.0	28.89984003302544	21.16294270430191	21.39171267867279	28.51884342157318	0.026661162426681803
13.0	28.910974436503572	21.17234744365036	21.526250687190764	28.35091396371633	0.03951346893897746
14.0	28.938768858659756	21.25893079225669	21.69807275004074	28.05533874827388	0.048888850768927274
15.0	29.083074919906117	20.827836694135584	21.543113639089242	28.426904692559408	0.11907005430965066
16.0	28.867452967458103	21.189037437732168	21.775339370388757	28.14591642843693	0.02225379598404574
17.0	28.87192071893357	21.11910116202512	21.719352549358277	28.24772768082359	0.041897888859436856
18.0	28.78694686485563	21.426618827951476	21.443704083376048	28.319665128993677	0.023065094823167605
19.0	28.625814106339575	21.269621776651046	21.73482539926421	28.345838348143026	0.023900369602144204
20.0	28.897948044416395	21.192453988776503	21.764715915874937	28.125266515428045	0.019615535504119264
21.0	28.761963200640878	21.356070871577227	21.672248783439436	28.191820281406866	0.01789686293559686
22.0	28.842026368684632	21.290839096514837	21.70987633291316	28.124893537287498	0.03236466459987054
23.0	28.757585816544527	21.3543395551924	21.835235639081105	28.01709096170705	0.03574802747491254
24.0	28.818806559161736	21.44570320473566	21.697455262978842	27.985303123086343	0.0527318500374226
25.0	28.77467937004394	21.228295328024206	21.81728554551713	28.15764199933707	0.022097757077656616
26.0	28.75940807692961	21.119964661309233	21.72819789666831	28.363546781290882	0.028882583801967416
27.0	28.848619685300136	21.409101330638656	21.634129565313383	28.084372850555777	0.023776568192046738
28.0	28.872366790582404	21.53078372460152	21.567279455449746	27.996469250224916	0.033100779141416715
29.0	28.727411555103078	21.403240858573007	21.732417069653007	28.108085178586578	0.028845338084330194
30.0	28.71317356128835	21.37078308655167	21.93727844773487	27.893960209637203	0.08480469478790345
31.0	28.584873664575206	21.44649821943361	21.828048160081398	28.109208071900966	0.031371884008818046
32.0	28.763732537637328	21.36511596365116	21.86694696866947	27.979621592296215	0.024582937745829377
33.0	28.84309006474357	21.404359174265277	21.818751906715026	27.88380054913393	0.049998305142198565
34.0	28.701326214990893	21.416889114868017	21.81602474471421	28.00898267022584	0.05677725520105081
35.0	28.823165617560598	21.238255801147098	21.784694629650026	28.121690656319632	0.03219329532265307
36.0	28.724161301253815	21.468993561504572	21.715520162656727	28.04473059979668	0.04659437478820739
37.0	28.867900554826143	21.4654186607937	21.797467282198976	27.848883994748206	0.020329507432976155
38.0	28.798326161352623	21.43038660929082	21.79293870497747	27.95378307864331	0.02456544573577745
39.0	28.994553939712198	21.374304420371484	21.70631929328263	27.86468699975438	0.06013534687931429
40.0	28.67777834239545	21.42131205853956	21.93200874028152	27.953656181716553	0.015244677066924133
41.0	28.80701308601194	21.432261889637065	21.93706856392665	27.76944903231271	0.05420742811163343
42.0	28.640760252739994	21.607406027137362	21.840326596988124	27.878474751410227	0.03303237172428981
43.0	28.818053214288742	21.506806380293263	21.53730167469992	28.117508534446976	0.02033019627110317
44.0	28.59865812747789	21.323404832096507	21.997729660126733	28.047168852292366	0.03303852800650605
45.0	28.677099838164395	21.372467611696226	21.696138822751884	28.17803611221732	0.07625761517018158
46.0	28.65132359421076	21.42155035081178	21.880825678744532	28.02596346134291	0.020336914890011184
47.0	28.60097127698345	21.38504436854283	21.960521743552366	28.029731585147765	0.023731025773589064
48.0	28.712988785379455	21.53325817361894	21.942680828339167	27.791575895770993	0.019496316891439422
49.0	28.86456328378711	21.196910214775684	21.945615031754244	27.97340953220787	0.019501937475092632
50.0	28.732444534907387	21.366782006920417	21.961293167786145	27.92082230816202	0.01865798222403148
51.0	28.822546299831174	21.434085838147837	21.809065689343615	27.893580378882355	0.04072179379501667
52.0	28.697180109671834	21.082118058502964	21.984449009388314	28.200600988065123	0.035651834371763745
53.0	28.84502688057889	21.472189429520228	21.826350611076666	27.810570479773745	0.04586259905047434
54.0	28.66269092886148	21.412066534142074	21.83767436328729	28.06802929133323	0.019538882375928098
55.0	28.865453742022655	21.35761448711303	21.75616305650212	27.996124986191013	0.024643728171180435
56.0	28.947189444690043	21.268745536776958	21.634304757370696	28.117455027714488	0.03230523344781855
57.0	28.966232706060424	21.456815108972016	21.694912371703843	27.86673356065953	0.015306252604188811
58.0	29.00173581566318	21.38031380824342	21.744494741499608	27.83261291310711	0.04084272148667507
59.0	28.880374627501066	21.381864623243935	21.76500638569604	27.95913154533844	0.01362281822051937
60.0	28.956180186935	21.634701406698646	21.379092930721583	27.93800642429303	0.09201905135174282
61.0	28.91537504049653	21.33783484236193	21.723191297082543	27.981823452179995	0.0417753678790049
62.0	28.78870596263755	21.219824277062184	21.835707583383094	28.1387016975177	0.017060479399471123
63.0	28.698487486769775	21.618184301273516	21.87169244426235	27.786028884564175	0.025606883130185394
64.0	28.958584228013084	21.073444880040316	21.850684568802794	28.01393906782484	0.10334725531896721
65.0	29.00689643385149	21.199483835681995	21.873744840493263	27.837835528171123	0.08203936180213131
66.0	28.843505999264522	21.384406188264872	21.666623906406343	28.074676518630646	0.030787387433614696
67.0	28.887937676568786	21.30896327369232	21.75156236623577	28.030990497388924	0.02054618611420255
68.0	28.746090905196418	21.47281840380414	21.664738893886817	28.09750246326522	0.018849333847406075
69.0	28.44082332761578	21.529159519725557	21.726415094339625	28.17238421955403	0.1312178387650086
70.0	28.753379393211176	21.51740119297944	21.76543792644724	27.940608505342663	0.02317298201948247
71.0	28.68400247490719	21.391619689261653	21.72332600027499	28.148631926302762	0.052419909253402994
72.0	28.74689068108071	21.400721275918162	21.602988389006995	28.22702116488643	0.02237848910770078
73.0	28.818860998371377	21.73736955941025	21.4168153107739	27.92354953511017	0.10340459633430706
74.0	28.972140016048183	21.872114994693746	21.006721253483576	28.1240023813427	0.02502135443179955
75.0	28.829505338477606	21.360815488058556	21.587819467101685	28.18647125335543	0.0353884530067238
76.0	28.748468450071474	21.608893199918317	22.169185215438024	27.455585052072696	0.017868082499489485
77.0	28.463424601552923	21.557008581937065	21.869891704127504	28.099458520637516	0.01021659174499387
78.0	28.86399059713315	21.165393361780414	22.09801466642819	27.848327669468787	0.024273705189462657
79.0	28.84959599059016	21.145289966247315	22.341976066278	27.642681804234424	0.02045617265009717
80.0	28.764599777405365	21.57121109391191	21.9639499034144	27.692563548209648	0.007675677058680551
81.0	28.806484243953033	21.642316606271688	21.87792104690321	27.664314890456737	0.008963212415329654
82.0	28.592296455754596	21.462802080930782	22.14576766356577	27.781194741293152	0.01793905845570334
83.0	28.797691567810197	21.5825585123437	22.019878166078872	27.579352356524527	0.020519397242705996
84.0	28.973822392831007	21.274601686972822	21.96145896188263	27.775994659203246	0.014122299110295156
85.0	28.827392964100717	21.42774514466395	21.95858665055719	27.755427308132287	0.030847932545854165
86.0	28.634304540306804	21.422320601256047	21.862452383403685	28.05904457942963	0.021877895603829918
87.0	29.099765469962115	21.223679802066957	21.69016262467462	27.965774077987682	0.020618025308626067
88.0	28.68702250671072	21.491069584967995	22.021474292793723	27.78365682428247	0.016776791245096016
89.0	28.963761373035567	21.40198511166253	21.955128205128204	27.663616625310173	0.015508684863523574
90.0	28.99893862124311	21.310414455460926	21.918765694167593	27.752465764063267	0.019415465065106528
91.0	29.02803350535515	21.24685563133736	21.98724099478748	27.711936931096186	0.025932937423821998
92.0	29.06715497201335	21.221802314255658	22.09841430630771	27.600940247529255	0.01168815989402735
93.0	29.007792478112115	21.466390872783567	21.705759148681523	27.783631893220935	0.03642560720186291
94.0	28.788747816565426	21.495424563964857	21.710509163907503	27.977944051933157	0.027374403629063796
95.0	29.287374937958777	21.107076617643216	21.479323946605366	28.09879574723753	0.027428750555105665
96.0	28.868451047439375	21.272386642036448	21.744029137025244	28.087620694624587	0.02751247887434658
97.0	28.63561715824739	21.41627800039414	21.62254483347566	28.270380345529787	0.055179662353018466
98.0	28.039032355768594	22.275043786296536	20.64606186707402	29.018791893279953	0.021070097580889423
99.0	28.550705525517607	19.446129500197813	22.63220361334564	29.26678095740472	0.10418040353422128
100.0	28.54233109104066	20.172594002090424	21.94945461367352	29.118537775038188	0.21708251815721064
